01      11.851      20.758      45.767      67.560      46.064     146.822      97.187     124.371     116.753     138.267     204.726     227.780     226.658     419.514     552.339     340.001    1191.415    1247.000    1377.902
02      11.793      23.976      42.316      56.844      51.967     139.226      67.031     103.339     105.107     125.143     143.151     167.636     176.012     396.214     520.638     343.470    1069.808    1131.169    1034.334
03      11.178      21.010      36.963      52.152      41.417     121.784      60.485      97.765      90.184     105.597     149.597     159.566     176.491     315.675     404.880     327.215     899.555     947.931     895.707
04      10.363      17.448      28.702      39.217      29.871      95.577      45.134      75.726      77.050      88.426     109.214     121.122     135.777     249.612     321.183     287.928     713.850     751.929     692.854
05       7.602      12.505      21.113      29.698      24.290      67.300      31.438      58.228      54.141      62.680      68.325      73.917      98.528     163.214     210.641     217.357     492.300     518.213     453.100
06       6.076      11.120      18.840      25.564      20.971      53.536      26.138      50.981      47.821      55.240      55.082      57.078      81.340     140.714     177.707     168.571     410.476     436.500     413.620
07       5.531      12.226      17.217      22.535      19.438      45.296      22.379      46.117      46.500      53.804      44.158      44.561      66.516     128.841     162.263     137.643     363.249     386.643     368.111
08       4.514      10.600      12.972      19.560      16.492      36.090      18.980      40.327      36.180      42.032      36.324      35.138      55.943     101.647     129.438     103.143     305.442     326.143     308.262
09       4.441      10.271      13.400      18.983      15.829      33.271      18.237      40.060      37.698      43.586      36.093      34.176      52.406      99.395     125.088      94.071     290.719     310.214     298.029
10       4.979      11.619      16.507      21.532      18.435      41.088      21.213      45.634      46.959      53.742      45.422      42.583      66.883     128.742     164.009     133.643     359.067     379.215     330.407
11       6.321      13.733      20.774      34.264      23.917      66.583      39.535      67.083      57.441      66.888      97.564     104.156     117.610     177.293     237.150     235.714     530.455     557.071     536.746
12       9.429      17.846      30.293      53.198      36.516     112.202      74.261     107.636      86.933     100.343     190.808     211.888     204.565     276.756     373.963     324.429     885.807     921.785    1036.784
